60 125
73
34 6 0 0
13 3 0 65
13 5 0 68
10 12 23 20
10 12 23 32
6 7 23 91
6 15 23 98
25 7 34 0
25 15 34 7
21 12 34 22
16 7 34 34
16 5 0 34
21 3 0 26
21 5 0 29
5 7 50 34
5 5 16 34
4 1 55 22
4 10 55 23
6 13 0 102
12 13 0 73
12 9 34 78
23 6 0 20
7 3 23 83
7 5 23 86
2 1 21 26
2 10 21 27
6 6 34 108
6 5 40 108
14 7 34 46
14 6 34 53
16 3 0 39
16 5 34 41
14 6 34 59
14 5 0 60
14 13 34 65
3 2 55 40
3 7 55 42
11 2 0 93
11 7 0 95
6 7 23 113
6 6 40 113
33 14 0 6
12 4 0 86
12 3 34 87
16 18 0 42
12 3 0 90
12 18 34 90
4 4 55 33
4 3 55 37
3 1 16 46
3 2 16 47
6 9 34 114
6 9 0 115
6 1 40 119
6 2 23 120
5 7 16 39
5 18 50 41
3 9 55 49
3 9 16 49
9 18 23 53
6 5 40 120
6 2 23 122
2 12 21 37
2 9 48 46
8 3 23 71
8 9 23 74
10 9 23 44
3 5 55 58
3 2 16 58
3 18 50 59
3 7 16 60
2 3 19 46
2 9 21 49
